.????#?.??? 1,3,3
?#??#?##??.??? 7,1,1
.???.??.?? 1,1,1
##?.#????.???? 2,2,1,1
??.#???..???.#? 1,2,1,1,1
????.??.???#??#??? 1,1,1,1,2,2
?#?#.??.??. 4,2
????##?##?????? 1,6,1,2
??.????..??????##?? 1,3,6
#????#?.?##?##? 1,3,6
?.???.?????? 1,1,1,1
.??.?#???####?#.#? 1,1,8,2
##??#???###?#??? 2,1,7,1
#..?????????##? 1,2,2,2
?????#???#???#????.? 1,2,3,1,3,1
?#??##???????#?? 7,6
.???????.?? 2,1,1
?#??????.?#?? 7,4
.##?????#?.????? 9,1
.#?.?????.?# 1,1,2,1
??#??#???.#. 5,1
??????.##?###?# 1,2,6,1
????##?#????#?????? 8,7,1
????#????#??? 1,9
???????#?????#.? 9,1
.?????#????##.?? 4,3
????.??????.?? 1,2
??#.?.????##???#???. 3,1,11
#??#???.#??.?????# 7,3,1,1,1
??#?#.##????.?? 4,2,1,1
?#?.????#????????. 3,5,1,1
?#??????#?. 2,3
#??#?#???? 1,5,1
?.???#..????# 2,1,4
.###???#??..????? 9,2
?.????.?????#?????# 1,1,2,1,8
.???#??????? 1,2,1,2
?#????.??.? 2,2
#??#??#?#?.??#???? 9,3,1,1
#?#??#?....##? 4,2,2
?????#???#?.??#?#??? 8,2,1,1
??#??###???##????#.. 7,4,1
??.????.##??????? 1,1,1,3,4
#??#.??.##?#???? 2,1,1,6,1
???..????. 1,1,2
#?.??.#?##?.???.?? 2,1,4,3,1
??????????#?#? 4,1,2,1
??.???????#??.?#?.? 8,3
?.##?.??.?. 2,2,1
????##..?#??#???..? 4,7
???#??.#?##???#?#? 1,1,4,1,2
?.???#????.?.????? 6,1,1,1
??...???##?? 1,1,4
#?.#????#?????#?.??? 1,9,2,1
???????.???.??. 3,1
?.?#???.??????#??#?? 5,10
?.??#??????.? 1,5,1
???..??????? 1,1
.#??.???#????? 1,1,6
??.??.???###????#??? 1,2,8,1,1
??.?..??????? 1,1,7
?.??#??#?..#??# 1,1,5,1,1
?????.#?#??#?...#? 1,1,7,1
?#?#??#???#?#?#. 11,3
.?#??#??.##?#?. 5,4
?#.???????? 2,1,3
???#???###?#??#????? 11,4
??#?????.?#?# 4,2,4
??.#.#.?????##??.# 2,1,1,8,1
#??.???#.?????#?# 3,1,2,7
.??#??#??#??.#?.? 7,2
##????.??????. 5,1,1,1
..?#..???##???????# 2,11
?#?#?#??#??#????#??? 5,1,4,1,1
?#?????#?????? 1,1,6
??#??.?#????#???#? 1,3,1,2,1,4
??.#?.????#?. 1,2,5
??..?????.?. 1,2
?????#?#..? 1,3,1
?##?.?.???? 2,1,1
.?##?#..#. 4,1
.????#???. 4,2
???????.##? 1,1,2
.?????#?#?? 1,6
??????????.?#. 2,1,2
.??#?.???????..??.? 3,1,4,1,1
?.?##????#??????.??? 1,3,7,1
.?#???.#????? 3,1,2,1
?.#?.??#????.?#..? 1,1,3,1,2,1
??#???#??##???.# 1,1,5,1,1
??.?.#????#?#.?##??# 1,1,6,5
????#?..??#?????.?? 2,1,3,2,2
.??#??????...##. 2,3,1,2
?#??.?????#.??#. 2,1,5,1
.??#?#????#...????? 10,1
.#?##???.???#??.. 5,1
#?.#??.?#??#??#??? 2,1,1,2,1,5
?.#??????? 2,1
???#?.??.?.#??? 1,1,1,1,3
#?#?#.??#.#? 5,2,2
#????.#?#???# 3,1,3,1
#.?.?.????????? 1,1,2,4
??#???????????.? 3,1,7,1
???##.#????#?#??. 5,1,4
??????.????. 3,3
#?#??.???????? 1,3,2,1
?.???..?..# 2,1,1
???#??????#?? 6,1,3
#?????.#????## 1,2,7
????????????#?#??? 3,2,5
#??.?.?????#? 1,1,1,2
?.##??????#????.#??? 1,12,1,2
?????.????#???? 1,1,1,3,1
?#?...#?.??##??#? 2,1,6
.???.#.#?#..?? 2,1,3,1
.????#.?.????? 5,3
.????.???? 1,3
.?#???????#?#.??? 4,6,1
????##.???.? 6,2
???#???.?##??? 7,3
???#?.????.????##### 3,1,1,2,6
.????????.??? 4,1,1
?#??.???.??. 4,1,1,1
?#.#??.?#????#?????? 2,2,2,2,3,2
?.#???.???? 4,1
##????..??##??#????? 2,1,11
???###?????##.?#?? 12,3
???#????.?????? 7,1,2
???.???#????????? 1,6,3,1
???.??.???#??#..?? 1,1,1,3,1,1
..#.??.??#. 1,1,2
.????????????????? 3,4,4
????.??...??#. 1,1,1,1
??????#???#??????#?? 1,1,8,2,2
??#???##????? 2,4,2
#.????#??????? 1,1,6
.?#?#?.????????#? 1,2,8
.???.????. 2,2
?????##?##????..#??? 11,2,3
.?#????#????.? 1,1,5,1
.???#???#?##?# 3,6
#??????#???#??? 8,2,1
?#????.???? 5,2
???.?##?????..##??? 2,6,1,5
#???.#??#???#??? 3,2,1,2,1
???.?##???. 2,3
##???.???#.??? 4,1,2,1
?.#?#??###????????#? 1,1,9,2,2
?????##?#???. 1,1,8
?#????????.?????? 8,2,1
?.#.#?..#??? 1,1,2,1
???.??####..??? 1,6,1
???.#?#????##?#. 3,1,2,4
???????##???#??#???? 1,1,3,8
.?#???##?????????? 9,4
?.###????#????##?? 5,9
????##?#????? 1,3,1,2
???.??##?#?#??.#. 3,7,1
..?????.?. 4,1
???.?#??#??##????. 2,1,1,2,1,1
?#?#??#???#? 2,2,1,3
?.#?#????#?? 1,1,4,2
..??..????.#????? 2,1
.#?#?#?##???.# 1,3,5,1
?##?.??.#?.#?????. 3,1,1,2,2
?????.?.???#??.?.??? 2,1,1,4,1,3
????#???#?.#? 5,1,1,1
??????.#??..?#???.## 1,2,1,1,4,2
?????#?.???..##?#? 1,1,1,1,1,4
???.??...??????????? 4,2
??#?#.??#???? 1,3,1,2
???##???#.??.?? 9,1
????????#??#??#??# 1,11,1,1
????????????..? 2,6,1
?.????#??.? 1,4
??#?#???### 3,3
.??##?.#.? 3,1,1
?###?#?####???????. 16,1
??#??#?#??.#?? 2,4,2
???##??#.?. 4,1,1
.??#????#?##?#??? 1,2,9,1
???.?#????.?.??#??## 3,3,2,1,6
.???????#???. 3,1,1,1
?.?##??.?#?##??#... 3,7
?????..??#??.? 3,3,1
.?...?????? 1,1,1
?#?..#??.???????.?? 1,1,1,1,4,1
??##.????#?.?????? 3,1,1,4
#.???#?##??.?#????? 1,9,2,1
.?.???#??.??####?? 6,4
?..???.?##??#.???? 1,1,3,1,3
?.#..?.?#?.#??? 1,1,3,2
.?.????##.#?? 1,5,2
#??????#?????#?.?#? 1,1,9,3
.??#????.???#?? 1,3
#?.??????? 2,1,1
??.????????## 2,1,2,3
?.???????..????????? 6,3
??????????##???? 1,1,7
???????.?#?.???##??? 3,3,5
???.??.???#?##??#?.? 1,11
#.?#?#??#.??????.? 1,4,1,3,1,1
?#?.???????.#. 1,3,1,1
##????.?#.#? 2,1,2,2
?????#??#????? 7,1
?.????#???????? 5,2,2
.??##????? 1,7
???#??##???.???#??? 8,1,2,1,2
??????????#?#??#???? 1,1,1,5,2,1
????????.?# 1,2,2
?#??.???..#? 3,3,2
??#?????#??#?. 4,1,5
?.??#.#??? 1,1,3
??????#???#????. 2,9
??#??#??.?#??#??. 1,4,1,2,3
###?????.??????#? 7,1,1,1
?.??#?????#.?????# 3,3,1,3,1
?...?????.????. 1,2,3
##??#???.?? 3,4
?#??#??.??#?# 3,1,1,3
??####?.?? 5,2
.?#??????##??#??#?? 7,10
.?#???????.? 5,1
??.???##????#?#?.#? 1,5,6,1
??????#??##?##?.? 1,12
????????????##?. 1,1,4
??.?#?.??##. 1,2,3
??#??????.?#? 4,2,1
.?.??#?#??? 3,1
?.#?????#??##???#? 1,5,2,3,2
.#??..?#???#??? 2,8
#..?????????? 1,9
?#???..#??? 3,3
?#??###?#????????.?. 11,2
.???????.##?#?????## 2,11
.????.???# 1,1,2
?.??.???.?. 2,1,1
???.###??.??# 1,3,1,1
?.???.#??#??.??.#?? 1,3,6,1,1
???##???#???????. 1,11,1
??.??.?????###? 1,2,6
?#???#?#?????? 1,3,3
??????????#? 1,3,2
???#????????#??.. 4,5
???????#??.?? 5,1
??.?##???#?????#? 2,4,1,1,1
#.?.??#?????##? 1,3,2,4
??????#??#??# 7,4
?#.?#??#????#??#??? 2,2,2,2,2,1
???#??.#???.#? 6,1,1,2
.??????#?. 1,4
?#?#???#??? 4,2
?#????.#.??????.?.?. 6,1,4,1,1,1
#???.??.#.?... 4,1,1,1
?.??#??#?????###?? 3,10
??.?????..?.?..?? 1,5,1,1,1
?#?????.#? 5,2
??#?.???.#??? 2,1
??.?.??#????## 1,8
?#???#.?##? 1,2,3
?#.??#?#??#. 1,1,1,1
?????????###?.. 3,6
?.#??#?????????# 1,3,6
?????.#.?? 5,1,1
#?.?#??.#???..?? 1,3,1,1,1
??????#?.?? 1,4,1
?.??#?.??.???.?? 3,1,1,1
#????##??#??.#?#?# 1,7,1,1,3
????#????.#?#???### 1,2,3,5
.?##??##????##?.#.? 2,3,4,1
??#.??#???????# 3,2,3,2
??????.??.?# 6,1,1
??????###???#?? 1,7,2
.?.?#???#????#.? 1,4,3,1,1
.?#.?.?????#???????? 1,1,11
?????#????? 4,1
????.#?#?#????.? 3,8,1
????????????#?.?? 1,3,1,1,2
???#.?##?## 1,1,6
???..?.??###??##??? 2,1,10
..????#??? 6,1
.???.????#? 2,2
????.?#?#. 1,1,1
#?##????#??.??#. 1,2,4,1
?#.????##? 1,1,3
????.???##. 2,4
??#?????.????#??.? 1,4,1,3,1,1
.???????????#??# 4,1,4,1
.???.???????????#?? 1,1,1,2,2,1
.#????.??? 3,1,1
.#??#??..??.????? 6,1,1,3
??#??#???.?#??? 1,4,2,1,2
????##.??.?##??.? 4,1,5
.##????????##.????. 12,4
#????##????#???##.#? 1,1,3,1,6,1
.??#?????##???#???? 11,4
??????#.?#?????# 3,1,1,2,4
##?????..?? 3,2,2
????.??.#?.## 1,2,1,2
..?.????.?# 1,4,1
????.#?..#???.#. 2,2,1,1,1
#???#..???#??#?? 1,1,6
?.???###??? 5,1
?.??????.? 1,5
????#???????.??????. 2,1,4,3,1
#?#????#??.# 1,3,2,1
???#??.??.? 1,2,1
####??#??#?. 5,2,1
..?.?.??#?.# 1,1,3,1
??.?..??#?? 1,1,5
?????#.?.??#?.??#?## 5,3,6
??????#????#??.????. 11,1
???.#?#???#?##?#.. 1,1,10
?#??#?###.?.???#. 9,2,1
?????#?.?????? 6,4
???##????#???##? 3,7
?????##?##???#..??? 6,6,2
.?##???#?????? 8,1,1
????..??#? 1,3
??.?###????? 4,2
??..?#..?.? 2,1
???????#.?##? 1,2,3
?###??#??????? 5,7
.????.??#.?#. 3,2,1
????..??#???## 1,3,3
???..?????? 1,2,1
?.????.??.?? 3,1,1
#???.?#.???? 1,2,2
#?#???.??#?#.#? 4,1,2,1,1
.##??#??#??#?. 6,5
???##???.#???#?. 7,6
?##?????????#? 2,6,1
?.?????#???#????? 1,5,3
.????#???.?#??.?## 3,1,2,1,1,2
#?#???##????.????.?. 9,4
?.##.??#??#???? 2,1,1,5
??..#??##..?? 1,5,1
????#?#??#?????# 11,2
???#?.?.???? 1,1,1,1
???????.????#?#???? 1,1,1,1,1,7
.?##?.??.?? 2,1
?##????.?#????#. 5,3,3
??????#?##? 1,7
???#?.???.??# 4,1,1
?..??#..??? 3,2
?.??##.??#.? 4,1
?????.???#?????? 1,1
???#??????? 6,1
?????#?##..##?? 2,6,4
?###?#?#.?#?#??##? 5,1,5,3
?#?#?#?.?????#??? 6,1,5
.????#?.?.#??????? 2,3,1,1,1,1
?#??#.??????#.#???#. 1,1,3,1,5
??#.???##.?? 1,1,3,1
.##????#???????#? 2,1,1,7
??#???#????.???.??## 1,2,2,1,1,4
???##?#?##????? 8,2
??#?###?????.??. 9,1
???##?##?#???#? 8,2
?????#?????#.? 9,1
??.??##?#? 3,1
?????.?##?. 2,2
???.?????#??#?? 2,1,8
?#?????#???#??#????. 17,1
????.????? 2,2
???###..#?? 5,1
??#?????##??#??#? 3,4,4
?#??#??.???#?#??.?.? 5,5
??#??????..??? 6,2,2
???#???###??? 4,4
?.?#??.??. 4,1
.#..?#??????? 1,3,1
?.?.???.???. 1,1,1,2
?##?????##?#.??..#? 11,1,1
.??#????.?.?????#? 2,1,1,2,3
?.??????#??#?.??? 1,2,2,1,3
????.?#.#??.?#?#? 4,1,3,4
??##???#??.??#.?. 4,3,1,3,1
.??#?#???????#??#. 1,14
??.??#????????.??? 1,10,1
?#.??##?#????.??? 2,2,2,1,2
?????#???.???. 2,1,2,2
??##??#??.????????#? 1,6,7,1
??#?##??##???.???? 2,3,3,3
..??#?#???##??#? 4,6
?????????. 3,3
.???#?????????##??.# 1,6,1,6,1
??????#?##????? 4,1,2,1,1
?#..?#?.???#??? 1,3,2,1
?.?.??###?? 1,1,3
?.??#???.?#?. 4,3
?.#.??.????. 1,1,1,2
?????#???#?.???????? 4,2,2,4,2
???.?.?.#??.???#???? 1,1,1,3,1,6
?#?#????#?#..? 3,1,4
#??????.?..??? 3,1,1,1
??.#???##????#???? 1,1,4,3,1
????#?#.??##? 5,3
??.??.?????#??#?? 1,1,2,6
??.?????###???# 1,9,1
.??.???###?????????. 7,2
?????.?.??## 2,1,2
?.??.#???.?? 1,1,4,2
#?##??#.????? 7,1,1
?.###?.##?? 4,3
??#????.???????#? 7,1,6
.##.#..???.?????.?? 2,1,1,1,4,1
??#.???#.?. 2,1
.??????####?.?.#??.? 1,1,7,2,1
??#?#????.?.?? 5,1,1,2
#?.?????###? 1,8
###????#?? 3,2
???#???#????#.?? 7,1,1
??#?#???.?#? 4,3
#..??#??#??????? 1,2,4,2
???##??????.?? 7,1
?#?#.??????????#?. 4,7,2
#???#???#???????. 12,1
?#??#??????##??? 1,2,1,5
???#???#####??..???. 3,7,1
.????.????#?#?#??? 3,10
?..##.???????#?? 1,2,1,5
?.#?##..??.? 1,4,1,1
?????##?#?#??? 1,9
?#.??.?#?#?.#? 1,1,3,2
.##??##?.???? 2,3,2
???#?.???..?#??????. 4,1,2,1,1,1
..#?##?##??#???.??? 12,2
?????#.?.??.?.. 1,4,1,1
?.?.?#??.?????##?? 1,2,1,1,3,1
??#?##?#??#???## 6,1,2,2
??????#??#.???#??.. 1,8,2,3
?.??##??#????.#?#? 1,5,1,1,1
?#???##???#???#????? 1,5,10
.????#?##.??#???. 4,3
..??#.????????????? 2,5
..#???##?.? 1,3
.??#???..??? 4,1
?#?#????#????..##? 4,7,2
.?#?##???#???.?.?#?? 12,2
##?..##??#??.??.? 3,6,1
?..???#?#???????#??? 1,1,4,1,2,4
#?#??##?????#?. 1,6,2
.?.#?#????????? 1,3,3,2
????.??#??#???##?#? 3,13
??##.?.???.?. 3,1,1
?#?#????????#?.#. 2,4,2,1,1
.#?#?.????# 4,4
????..???# 3,1,1
.????.????????.???? 3,1,2
???#???#?????#?????# 1,15,1
..#?.?????#??? 2,5,1
#.?.?.?##.?? 1,2
??.??#.????##?..?? 1,1,1,4,1
????????.??? 5,3
#?.##?.?#? 1,3,1
?????..##? 2,2
#???#?????.??.????? 1,3,1,1,3
???.#???#??#?????#? 3,11,1
??####??#.#?#?? 6,1,3
.??#?????.?.##??#?#? 4,7
.??.?#?.??????? 1,2,2,1
?.????..#????. 2,4
?????.???.?#??#?#? 2,1,1,7
##??????#? 2,2,3
#.??#.#.??? 1,2,1
??..????????? 1,2,1
???..?#.?. 2,1
?###?????##?????.. 4,4,3
??#??????..????? 1,1,1,1,3
#????????#??#??#. 3,1,9
.?#????#?#.??? 3,3
???##????.#?? 1,6,2
?#?#?...?.???#???? 4,1,3
#???#?#????#??#.??# 3,1,1,5,1,1
?#???????#????? 2,2,2,1
????#??#??????? 12,1
#???#??#?.#?#. 5,1,3
.??###????##?##??. 4,8
??????..????.??#??? 4,2
?#??.????.??#..#???? 2,1,3,3,4
.#???#??#?..?? 2,3,1,2
?#????..???.#??? 3,2,1,1,1
????#???..?? 1,3,1,1
?#?????##?#.??.#.? 1,1,6,2,1,1
????.?.#.? 3,1
?#????#??#??????.?.. 12,1,1
?.??##???#????. 1,1,10
#????.??##???? 1,1,6
???#?.??##?#? 1,2,1,5
???##??#???.????? 3,2,1,1
?#????.??##??# 3,1,7
.??????##?#??.### 1,8,3
#??##??#??#?? 1,10
?##?#?#???###???.?#? 8,4,1,3
??.????#?????? 1,9
???#???????.???#??? 7,6
?.??#???.????##?. 2,4
???????#??#.??#? 1,8,2
??#?????#??#?????. 2,1,8
???..?#?.?.###? 1,3,1,3
.?????#????###?..?? 4,9,2
????#?#?#.?#????##. 6,3,3
?.#?#???.????# 1,5,1,1
..##?.?#?.?????? 2,2,1,1
?###??#??.????.? 5,1,1,1,1
.?###?#?#?##? 7,2
?#??#??????#?###? 1,1,2,8
.???#?.??.#..????? 4,1,1,1,1,1
.??#?????????? 3,1,4
.?????#..#??? 5,4
.#.???#???#.? 1,1,1,1
.?##??#???###?#??? 15,1
??#.?????????.?? 1,2,4,2
##???????#???.?? 2,9,1
#?#.??.??#???.#.?#. 1,1,1,5,1,2
??#?.?#?.??? 2,2,1
?##???##.?.??#???#?? 7,3,2
???.???##????????.?# 2,8,1,1,2
.???.?.??. 2,1
??.???#??#?##??? 1,1,7,1
??#.??????? 1,1,2
??????.?.?# 1,1,2
??.??#?.?? 3,1
#??.?#?????? 1,3,1
?.??#??..???.???? 5,1,1,2
.?#?..#?????.? 2,4
#??#?#????.?..? 8,1
#?##.##.????. 4,2,2,1
.?##?????##?? 2,3,3
#?????????#?#? 4,3,4
?????#?###??# 1,1,6,1
????#???#?#?#?##??#? 3,1,9
?.????????. 2,1
?.???..?????. 1,1,1,1
#?.??#?.##????.?? 1,2,3,1,1
??#???.#??.?#?#.. 3,2,4
.???##??##???..??#. 4,3,1,1,1
.?.#???#??????#??#?? 1,5,1,1,1,1
?.?????.??.??#? 2,1,3
##?##????????.. 6,1,1,1
??????.?.#????? 3,1,1,2,2
??#?.????? 2,3
.????.????? 3,1,1
..???.#..?#?. 3,1,1
#?##????#? 5,3
#????#?.???...#? 6,3,1
.??.?#???#??#????? 3,9
?.?#???#???#??. 2,7
.??????#????#?#??## 1,1,14
??#??.???? 3,4
??#????##????##?? 2,9
???#??#???...? 2,5,1
?????..?#.??? 1,1,2,1
????###?...##?#?. 7,5
#????#??????.?#??#? 1,7,1,2
???##?#?#??#?? 5,2,2
#???..????#..#????? 4,1,1,1,1,1
???????????#??#. 2,8
#???#????##??????# 1,1,1,1,7,1
???....?????.??#???? 2,4,5
?#?.?????. 1,4
?..##?.???#??# 1,3,1,5
?#???????.? 4,3
??.?.????#???? 1,1,2,4
#?##?##??.?#?? 4,2,3
???#????.#??#. 5,1,1,1
??????????? 1,1,2
???????##?#?##???# 1,5,4,1,1
.?#?##.?????? 5,1,1,1
.#???.?.#?# 1,2,3
?#.?#????.?????? 1,4,2,2
#?#.#??????#???#???? 1,1,4,1,3,2
?????????##? 4,6
??.??????#??.?????? 1,2,1,3,1,1
.??.#????#???#.? 1,2,5,1
??#.???#?.#?.#?#??#? 2,2,1,2,6
..?.???????? 1,3,1,1
??#???#?????.??#? 4,4,1,4
.?####???.???? 6,1
????????#?.??????? 1,8,1,2
???#?????#.??.#??. 1,1,1,1,1,3
??.???..?? 1,1,1
??????.?#???.???? 5,3,4
????#????????? 2,4,4
?##??.???????#.? 5,3
.?##?#???##?#???#??? 7,4,3,1
?????##.??# 1,3,1
.?#?????.???#...?? 1,2,3
?..#.???????#.. 1,6
???#???#?? 1,2,1
.???.?????????#? 2,1,1,1,2
?????#.?.?#?. 6,1
..#?.?#?.#??? 1,2,3
???.?#????#?###.?? 1,11
.?#?#.#?.??.????#?. 1,1,2,2,2,1
??#?????###???##.#? 4,5,2,1
?.#?????#??#??.???? 1,1,9,2
????#?.#?.?? 1,3,1,1
#???#.???.??? 1,1,3,1
???##.?.????? 4,4
????##?##??#?#?#???. 3,9,2
?..?#?#.?.?????.?..? 1,3,1,5,1,1
.??.?..???? 2,1,3
.?###..??#?? 4,3
.##???????? 2,4
?#.?#?#?#?#? 1,3,1,1
??#??.???? 3,3
??????#.???##?#??#?? 7,3,1,2
??#?##?#?##?????#?#? 14,3
??.#???..#?#??????? 2,2,1,10
?????#?###????#.. 2,7,3
?.?????#?#?.?? 1,5
?????????.??#???# 8,1,1,3
#??###???#?????? 7,2,1,2
??#??#?#?.???? 2,4,1,2
.??#?.??.###???#???? 2,9
.##.?#??????#.#???# 2,4,1,2,2
?.#???????#????#?## 1,1,8,1,2
???????##???.?? 2,8
??????#??.?.?????? 1,5,1,1,1,1
#???.##??????##? 1,10
???.?????.????.# 1,1,5,2,1
#?????.?##?. 1,2,1,3
???#?.#?.#??##?. 2,1,1,4
????#.?.??????? 2,2,1,3,1
#.????????? 1,7
#?????#..??##?#. 1,3,4,1
?????.###?#?.#?????? 2,1,5,3,1,1
.?????#??????????#. 1,4,1,1,1,1
??.??#.???#?????? 1,2,2,3,3
???#???##??#.?#??#? 2,1,4,1,4
??.?##?.?#??????##?. 1,3,9
.???#??#?# 1,3
?????????#??. 2,2,4
??###??#??????? 8,1,1
?#???????#..#?#??? 6,1,1,3,2
?.??????#?#?#??.#??? 1,1,1,9,1,1
?#???#????.?.???.#? 8,1,1,1,2
#?###?????????# 8,1,1,1
?#??#?.#?..??##?? 6,2,3
#??????##.??.?# 3,3,2
.???.??.#??? 1,3
?.????????? 1,1
??#?????.?#?. 1,6,2
??#???.?...#. 3,1
?.?###?#??. 1,5,1
.?.???????#????#???# 1,1,10,1
?.#?#?#?#?????.. 3,8
.????#?.??. 1,2,1
.#?#..??#?#..#?.# 3,1,3,2,1
#??#???#????##????? 9,8
?.#?##?????? 1,5,1,1
.?#####?#.?.#???.?? 6,1,1,2,1,1
???????.?? 4,1
??????????.???????? 6,1,1
?#?.???##????#???## 1,8,2
?.???.????#??#?#??#? 1,1,1,1,9
??#????.?#.? 4,2
?.?.#??##?. 1,6
.?????.#.? 1,1,1
??#???.?#??#? 1,1,3,1
???????.#.#??. 1,2,1,3
?#????####??#?????? 1,1,9,1,1
.???.?#??.??.#?? 2,4,1,1
?.??????#? 3,4
?????.#????..???. 2,1,3,1,1
.?????..???. 1,2
??#??.????? 1,2
#?#??.?.????#?? 5,1,1,1,1
??##?.??#?.? 4,1
.??#???#..??? 3,1,1,1
??.?.??#??##?#????# 1,1,7,6
?#?#???????.??##???? 3,2,2,5
??.??#?#.. 1,4
.???.????#??#????# 1,2,9
??????#.????..??? 2,1,1,3,1
?.#.?????#? 1,2,1
???#.#?.#???#? 3,1,6
???????.?? 3,1,2
??????????????#??## 1,1,6,1,2
???###?.??#?#??.?#? 6,1,1,1,1,1
.?????#??.?? 4,1
??#.?#?##??.??.??? 3,7,1,1
?.?????#?.#?.? 1,6,1,1
????.#?##???#? 1,4,1
??#???##??#?????? 6,6
##??#????????????. 7,6,2
#.?.?????##???.???? 1,3,6,1
?##???.????.?.?? 3,1,2,1,2
.?#??????.? 3,2
??#??????????#?##?? 4,6
?????.#?????????? 4,1,7,1
??????.???#? 1,3,1,1
#??#??#??#??#?#??? 5,1,1,4,1
.??###???#?????..#? 13,1
??.#?#???#?##? 1,10
????#??#.?..? 3,1,1,1
??#??.?????? 4,4
????#?#??????#?.?. 4,5
#?.????????#. 2,1,1,2
.??##?????.?..?????? 8,5
??????????.??#?#??.? 1,1,3,4
?????#?##?????? 1,11
.??#.??#?? 3,3
?..#.??#?# 1,5
???.????.#???.?? 3,1,1,3,2
?#????#??????#?#. 8,1,4
?##?.??????? 3,1,4
????????????##?#??.. 2,6,5
??##??.?#?#?. 5,3
???.??.##??? 1,1,2,2
.?#??.?#?. 2,3
???????????? 1,4,1
????#???#??#?#???#. 2,1,10
?#.?#??.?..##?.#.#. 2,3,3,1,1
??##??#??. 2,1,1
.#????#?.?#?# 3,3,4
?.?..?#????#????? 1,1,8,1,1
?????.???????###???. 1,3,13
?#?#?????. 4,1
????##????#?.# 11,1
..#?#?#??.??? 6,1
#???.????#?#.?#? 1,2,6,1
#?..?.???#?#??? 2,1,6
.?#?#?#.???#??#.? 6,5
?.#???????.?? 1,4,1
??##?##???#.. 7,1
??#?.??????# 4,1,2
##.#????#??.# 2,7,1
??##???????.#?. 5,2,2,2
?.?????.??###??#???? 2,10
??#??#?.??.??? 4,1,1,1
?.???#????##?? 1,3,5
?#?????.???????#.# 2,1,1,8,1
??#?????###? 3,1,5
?????..#??????# 4,6,1
???..????#.?????# 3,1,1,2,1
??#.???#???#?? 1,1,9
??.#???#..#?..? 1,5,1,1
?..??????.? 1,2,1
?????.?????#??? 2,1,3,1,1
.??????????.??.. 5,3,2
#????????..#???????# 1,5,9
??.#????#?? 1,2,1
?????.???#????#??.?. 1,11
??##??#??.?.??#.?.?. 8,3
???.??????????##? 2,1,6,3
?##??#??.??#? 3,1,1,1
?#?#???#????#?? 3,3,4
#??.?????#.?.??. 1,1,2,1,2
?????????????#??.## 10,1,1,2
?????.???? 3,4
..#???#?#? 1,5
????.##???#?? 1,3,1,1
?.#?.????. 1,1
.???.???#?.? 1,1,2,1
?????#?.#???.# 5,2,1
????#.?.???#?#???#?# 2,2,2,1,7
?#.??#.?#??#?????. 2,2,2,3,1
??#???##.?? 7,1
.??????#??#.?.? 1,1,1,2,1
??????????? 2,4
..???.#.????? 1,1,1,1
?##???#?????#?#.? 4,8,1
??.?????????#??. 3,7
.??##??#???#.?????# 7,1,1,2
#??????#?.#. 1,2,1,1
#??????????#? 6,1,2
..??#??.??#?#????? 4,3
??##?.?.?## 2,2
???.?#???#?? 1,2,3
?#????.?..?#??.#??? 5,2,2
?#?.???#?????.. 2,7
??#?.??.???????#??. 2,10
#?#???#????#???.? 3,3,2,1,1
.??.#??????? 1,8
.?..???#???#???#### 1,1,12
#????#??##? 2,3,3
#??.???#???# 1,1,7
???#??###?#????#?#? 1,1,4,8
??..??.?????#.?? 1,1,6,2
?????????????.???? 3,2,1,3,1
?###??#?????? 10,1
.?.?.?#??? 1,3
??#?..?????.#??#??? 2,1,1,1,4,1
#.?.?#?.?? 1,1,1
??#??????. 1,1,3
.#???..?.??? 3,1
??????????#??#?.?? 2,4,3,3,1
#?##.?????????#???.? 4,6
??#???.##???##? 1,1,1,7
##?#?.??.????????# 2,1,1,1,4,1
?#??..#?.???.#?? 1,1,1,2,2
???..???..??#???? 2,1,5,1
???#?????#. 1,2,4
?.???#.?#. 4,2
????#????#?????? 6,6
#?#?##???.#..?.##.?? 9,1,1,2,2
..?###.??#?????. 4,4
.?#????#.#?## 3,2,4
??.???.#??#?#???? 1,3,6,1,1
?..?#????.?#.??? 1,6,1,3
?????#.??##????.#? 1,1,1,4,3,2
????#???#??? 2,5
.#??#.???.? 4,1
??#??.?????????? 1,1,1,4
???##??.?????????.?? 6,2,2,2,1
??.????#?# 1,1,4
?#?#..????#??#?. 3,4,2
?#?.???????##????? 2,13
.??.?.?.#?.? 1,1,1,1
?##?????.???#?.? 4,2
???#???.??#????# 6,7
????..??.?? 3,2,2
???.????.#?.? 1,4,1,1
?.??#.#???#????#?.? 1,1,6,3,1
#.#???#??.????.. 1,7,1,1
.?#?.?.??##?.#??? 3,1,5,1,1
.????.#.?????#?????? 1,2,1,4,5,1
#?????#?????????? 1,9,1,1
??.?#???????? 3,5
?#???##??.#. 2,3,1
????????#?#??????.?? 12,1,1,2
#?#?##????.??.??? 1,8,1,2
.??#.??#??.? 3,2
????#??#?.? 2,2
??#..#????.#???#?? 2,5,1,4
???##?#?????.? 6,4
#.#.??.????#???. 1,1,2,5,1
???#??#??..????#.??? 6,4
??#?.#.#??????#.##?? 3,1,4,3,4
.?..???#????# 1,7
?????.?#.??? 5,2
????##..?#?.?#? 6,2,2
?#??????#?. 3,1,1
?.??##?.#?????#?#??? 3,12
?.?????????????#?? 1,1,10
?????.#????#.#?? 1,1,6,1,1
##??.?#??.?. 4,4
??????#??#??#???.# 2,1,7,1
??#?????.? 2,1
#??..?#??#???????#?? 1,1,2,10
???#????#???#?. 1,11
?.???##?.#???#.??? 1,1,4,3,1,1
##.?????#?? 2,2,2
???.#???#?.??##??? 2,1,2,6
??????.?#??.??# 1,2,4,1,1
.?#????.?#? 4,2
??.??#???? 2,6
??????????..??.. 6,2,1
?#.?????##? 1,7
#?????????? 1,6,1
?.???.???????#? 1,9
??#???.?.?. 1,1
??#??????????? 1,6,1
.???#??#??????? 5,2
??#??????##????.?? 13,1
?#?.#?????##??#? 2,1,1,6
?.#???.??? 2,2
.???#??#?#??#?#?? 1,7,4
##???#?????.#???? 2,8,1,2
??##.????..? 4,1,1,1
#????#?##?#??? 1,11
????.?#.??????#?.?? 2,2,5,2,1
?.??#????? 1,4
#?.#????????.?? 1,3,1,2,1
##???#??.?..???.?? 8,1,2,2
?????#?##? 2,5
????.???#???.?#.?. 3,1,4,2,1
..#?.##???????##?? 1,6,1,3
??.?#????#??#. 3,5
..?#?????#?.##??##?# 4,1,1,8
??..??#????? 2,2,2
?????..????.? 3,1,1
????##...??#??.?.## 5,5,2
#??#.?????????. 4,7
?????.????? 1,2,4
?#???#.???# 2,2,4
??????????.. 1,3
.??.???#????. 1,2,3
.??#?.?.?? 1,1,1
?????.????#??.##???. 1,2,1,4,3,1
?#?????????.?????? 9,4
.???#?..?#???.. 3,4
??.?#?????#???# 2,1,2,1,1
?.???.#???# 1,5
???????#.?.? 4,1,1,1
?????#???? 2,3
????????#?.? 1,1,2
??.??#??#?# 1,6,1
.#?#??#???????##?.. 1,6,6
#???..????? 1,2,1
?##??##..??#??### 2,3,2,3
#??#??.?.??? 1,3,1,2
??##??...# 2,1,1
#??????#???#???##.?? 4,1,1,2,4,1
?.??#..??# 1,3,3
?..?#???????? 1,2,1,2
???.?.???? 3,3
?###?.#.?.??..#???. 5,1,2,1,1
???#??#?#??#?.???? 12,1
??#????#????..#??#? 10,1,5
??????##?.? 1,1,2
??#.#..??? 3,1,2
#????###??#??##??#? 1,1,5,1,2,2
?????.#??#???#?. 1,8
.??#???#??????????? 7,5
??..?#?#?#????.??.? 9,2
.?.????##??#?#???# 1,12,1
#?????.????#??# 2,1,1,3,1
??##???#?#??? 4,1,2
????.?#??? 1,2,1
???..#.?##?.?#????? 1,1,3,7
?..?#?.??##????##.# 1,3,1,4,2,1
????????.####? 5,1,5
#?#??????##?. 7,2
.???#????#??????. 1,11
?#?.??#?##??????? 2,5,4
???#??.#??###??.??? 6,8,2
.??#????#?#?????? 8,3
??##????###?##. 4,7
???.?#???????#??.. 2,1,3,4
?.??##??.??. 5,1
?..#??..????#?#. 2,5,1
?????#??##???#?? 1,11,1
?##?##???? 2,6
???##??????###??.??. 7,3,2
????#??##?#?#. 4,4,1
?????????#??? 1,1,4
??##?.?#??? 5,2,1
.??..???#? 1,3
?#????????#???.. 4,1,2,1
.#??#?..#???????#??. 1,1,5,3
??#?#.???### 2,1,1,3
.???#.????? 4,1
????????????? 1,1,3,3
?????#?.???#???? 1,2,1,1,6
#??????.????#?? 5,2,3
??????##???#?.??#?? 9,2
??#.#??.??. 1,1,2
???#?.?.?. 1,2,1
##???.?### 4,4
#.?#?#??????. 1,4,1
??#?.???#.??.? 2,3,1
??#?##??????..?#??. 11,2
???##??###.???.???? 10,1,1,1
?#???#?.?.#?#?#?#??? 2,2,1,7,1
????????#.####??#?? 1,2,1,1,9
.###..??.? 3,1,1
??.?##?.?????# 2,4,2
?.?????#?????#?#?.?. 7,5
????..?..#??? 1,1,2,1
???#????####??.?# 2,9,1
?????????. 4,2
?##?..?.?? 3,2
..???.?#????#?. 2,7
.?#.??#??..?#.#?#.? 2,5,2,3
#?##????.??..?? 4,2,1,1
???###.?#??.??## 3,2,4
?##?#.#???# 5,2,1
???.??##??#.???#? 1,1,5,4
???..?#?#???# 1,2,2,2
?.?#????#???? 1,2,4,1
?#?.#?.?.#?? 1,2,1,1
??????..??????? 4,3
?##.??????.?#.???#?? 3,1,3,1,1,3
?#??#??.??????? 1,4,5
?????##???.?????.??? 3,3,1,5,2
.?.?.??????? 1,2,1,2
??..?#??.???????? 3,3
.?.?.?.#?#.??#???? 1,1,1,3,4,2
?#?.#???..???# 2,1,2,4
??#????###????# 2,7,1
?#???#????#???#??. 1,1,12
?#??.?.#???##??#?#. 3,11
???.????##?. 1,5
.?..?.???? 1,1,2
??#??####??????#?? 7,6
??#..????????.? 1,6
?????#???????#?. 3,7
???#??????##?. 1,5
.?????.???#? 1,1,4
??##???.?? 5,1
????.#???? 1,1,2
.??????#.#????? 2,3,2,1
?#?.?#??##?? 3,6
#?#??#??.##??????. 4,2,2,5
?????.?#?#?.?#.. 3,5,1
??.?#???#??#?#??.??? 1,2,4,3,2
?#??#???.?#?? 1,3,3
??#??????? 3,2,1
??????.??.?.?.??? 3,1,1
?????????????#??? 10,1,1,1
.?#???##???#.? 3,7
???#.???#?? 1,1,4
??#???.??.????. 6,2,1
?????#??.??..#??#.?? 2,4
??.??#??##.?.?# 2,3,2,1,2
???#?#??.?##??? 6,5
